20
35 3
38 7
30 0
18 24
6 12
19 26
28 35
16 25
14 24
1 11
6 16
4 16
8 20
8 23
10 33
9 1
36 29
29 22
11 38
12 8
0 1 1 0 0 0 0 0 0 0 0 0 0 0 0 0 1 0 0 0 
1 0 0 0 0 0 0 0 0 0 0 0 0 0 0 0 1 0 0 0 
1 0 0 1 0 1 0 0 0 0 0 0 1 0 0 1 1 1 0 1 
0 0 1 0 0 1 0 0 0 0 0 0 1 0 0 0 0 0 0 0 
0 0 0 0 0 0 0 0 0 0 0 1 0 0 0 1 0 0 0 1 
0 0 1 1 0 0 1 1 1 0 0 0 1 0 0 0 1 1 1 0 
0 0 0 0 0 1 0 0 0 0 0 0 0 0 0 0 1 0 1 0 
0 0 0 0 0 1 0 0 1 0 0 0 0 0 0 0 0 0 1 0 
0 0 0 0 0 1 0 1 0 0 0 0 1 0 0 0 0 0 1 0 
0 0 0 0 0 0 0 0 0 0 0 1 0 0 0 1 0 0 1 0 
0 0 0 0 0 0 0 0 0 0 0 1 1 1 1 0 0 0 0 1 
0 0 0 0 1 0 0 0 0 1 1 0 0 0 1 1 0 0 1 1 
0 0 1 1 0 1 0 0 1 0 1 0 0 1 1 0 0 0 1 1 
0 0 0 0 0 0 0 0 0 0 1 0 1 0 1 0 0 0 0 0 
0 0 0 0 0 0 0 0 0 0 1 1 1 1 0 0 0 0 1 0 
0 0 1 0 1 0 0 0 0 1 0 1 0 0 0 0 0 0 0 1 
1 1 1 0 0 1 1 0 0 0 0 0 0 0 0 0 0 1 0 0 
0 0 1 0 0 1 0 0 0 0 0 0 0 0 0 0 1 0 0 0 
0 0 0 0 0 1 1 1 1 1 0 1 1 0 1 0 0 0 0 0 
0 0 1 0 1 0 0 0 0 0 1 1 1 0 0 1 0 0 0 0 
