15
31 30
14 16
5 11
25 0
28 7
7 18
6 17
39 22
10 25
12 28
4 24
12 33
10 36
11 6
38 34
0 0 0 0 0 0 0 1 0 1 0 1 1 0 1 
0 0 0 1 1 0 0 0 0 0 1 0 0 0 0 
0 0 0 0 0 0 1 0 0 0 1 0 0 1 0 
0 1 0 0 1 1 1 1 0 0 1 0 0 1 0 
0 1 0 1 0 0 0 1 1 1 1 0 0 0 0 
0 0 0 1 0 0 1 0 0 0 1 0 0 0 0 
0 0 1 1 0 1 0 0 0 0 1 0 0 1 0 
1 0 0 1 1 0 0 0 0 1 0 0 0 0 1 
0 0 0 0 1 0 0 0 0 1 1 1 0 0 0 
1 0 0 0 1 0 0 1 1 0 0 1 0 0 0 
0 1 1 1 1 1 1 0 1 0 0 1 1 0 0 
1 0 0 0 0 0 0 0 1 1 1 0 1 0 0 
1 0 0 0 0 0 0 0 0 0 1 1 0 0 1 
0 0 1 1 0 0 1 0 0 0 0 0 0 0 0 
1 0 0 0 0 0 0 1 0 0 0 0 1 0 0 
