18
38 6
5 5
27 31
13 19
26 33
27 37
13 31
20 6
39 25
27 15
5 28
29 21
27 23
17 13
22 19
1 30
8 38
33 31
0 1 0 0 0 0 0 1 1 1 0 0 0 0 0 0 0 0 
1 0 0 0 0 0 0 1 1 1 0 0 0 1 0 1 0 0 
0 0 0 0 1 0 1 0 0 0 0 0 0 0 0 1 0 1 
0 0 0 0 0 0 0 0 0 0 0 0 0 1 1 1 0 0 
0 0 1 0 0 1 1 0 0 0 0 0 0 0 0 1 0 1 
0 0 0 0 1 0 0 0 0 0 0 0 0 0 0 1 1 1 
0 0 1 0 1 0 0 0 0 0 0 0 0 0 0 1 0 0 
1 1 0 0 0 0 0 0 0 1 0 0 0 0 0 0 0 0 
1 1 0 0 0 0 0 0 0 1 0 1 0 1 0 0 0 1 
1 1 0 0 0 0 0 1 1 0 0 0 0 0 0 0 0 0 
0 0 0 0 0 0 0 0 0 0 0 1 1 0 1 1 0 1 
0 0 0 0 0 0 0 0 1 0 1 0 1 1 1 0 0 1 
0 0 0 0 0 0 0 0 0 0 1 1 0 0 0 0 0 1 
0 1 0 1 0 0 0 0 1 0 0 1 0 0 1 1 0 0 
0 0 0 1 0 0 0 0 0 0 1 1 0 1 0 1 0 0 
0 1 1 1 1 1 1 0 0 0 1 0 0 1 1 0 1 1 
0 0 0 0 0 1 0 0 0 0 0 0 0 0 0 1 0 0 
0 0 1 0 1 1 0 0 1 0 1 1 1 0 0 1 0 0 
