18
2 33
18 18
39 39
29 36
23 33
9 20
6 23
18 5
39 26
26 15
13 34
27 20
6 0
30 26
31 27
6 2
17 13
21 18
0 0 1 1 0 0 1 0 0 0 1 0 1 0 0 1 0 0 
0 0 0 1 1 0 1 1 0 0 1 0 0 1 1 0 1 1 
1 0 0 1 0 0 0 0 1 0 0 0 0 0 1 0 0 0 
1 1 1 0 1 0 0 0 0 0 1 0 0 0 1 0 0 0 
0 1 0 1 0 0 0 0 0 0 1 0 0 0 0 0 0 0 
0 0 0 0 0 0 1 0 0 0 0 0 1 0 0 1 1 0 
1 1 0 0 0 1 0 0 0 0 1 0 0 0 0 1 1 0 
0 1 0 0 0 0 0 0 1 1 0 1 1 1 0 0 1 1 
0 0 1 0 0 0 0 1 0 1 0 1 0 1 1 0 0 0 
0 0 0 0 0 0 0 1 1 0 0 1 0 0 0 0 0 0 
1 1 0 1 1 0 1 0 0 0 0 0 0 0 0 0 0 0 
0 0 0 0 0 0 0 1 1 1 0 0 0 1 0 0 0 0 
1 0 0 0 0 1 0 1 0 0 0 0 0 0 0 1 1 0 
0 1 0 0 0 0 0 1 1 0 0 1 0 0 1 0 0 1 
0 1 1 1 0 0 0 0 1 0 0 0 0 1 0 0 0 0 
1 0 0 0 0 1 1 0 0 0 0 0 1 0 0 0 0 0 
0 1 0 0 0 1 1 1 0 0 0 0 1 0 0 0 0 0 
0 1 0 0 0 0 0 1 0 0 0 0 0 1 0 0 0 0 
