20
13 12
24 26
29 0
13 20
25 0
29 4
27 2
3 11
4 13
29 6
35 14
27 6
27 7
6 20
25 12
18 39
17 39
36 32
37 1
2 32
0 0 0 0 0 0 0 1 1 1 0 0 1 1 0 0 0 0 0 0 
0 0 0 0 0 0 0 0 0 1 1 0 0 0 0 1 0 0 1 0 
0 0 0 0 1 1 1 0 0 0 0 1 0 0 0 0 0 0 1 0 
0 0 0 0 0 0 0 0 0 1 0 0 1 1 1 1 0 0 0 1 
0 0 1 0 0 0 1 1 0 0 0 0 0 0 0 0 0 0 0 0 
0 0 1 0 0 0 0 0 0 0 0 1 0 0 0 0 0 0 1 0 
0 0 1 0 1 0 0 1 0 0 0 1 0 0 0 0 0 0 0 0 
1 0 0 0 1 0 1 0 1 1 0 1 0 0 0 0 0 0 0 1 
1 0 0 0 0 0 0 1 0 0 0 0 0 1 0 0 0 0 0 1 
1 1 0 1 0 0 0 1 0 0 0 1 1 0 1 1 0 0 1 0 
0 1 0 0 0 0 0 0 0 0 0 0 0 0 0 1 0 1 1 0 
0 0 1 0 0 1 1 1 0 1 0 0 0 0 0 0 0 0 1 0 
1 0 0 1 0 0 0 0 0 1 0 0 0 1 0 0 0 0 0 0 
1 0 0 1 0 0 0 0 1 0 0 0 1 0 0 0 0 0 0 1 
0 0 0 1 0 0 0 0 0 1 0 0 0 0 0 1 0 0 0 0 
0 1 0 1 0 0 0 0 0 1 1 0 0 0 1 0 1 1 0 1 
0 0 0 0 0 0 0 0 0 0 0 0 0 0 0 1 0 0 0 1 
0 0 0 0 0 0 0 0 0 0 1 0 0 0 0 1 0 0 1 0 
0 1 1 0 0 1 0 0 0 1 1 1 0 0 0 0 0 1 0 0 
0 0 0 1 0 0 0 1 1 0 0 0 0 1 0 1 1 0 0 0 
